{
    "recon_0": 5.720421041761126,
    "recon_1": 5.859459604535784,
    "recon_2": 5.687378679003034,
    "recon_3": 5.690454823630197,
    "recon_4": 5.745526041303362,
    "recon_5": 5.709694589887347,
    "recon_6": 5.551238945552281,
    "recon_7": 5.507526738303048,
    "recon_8": 5.594033581869943,
    "recon_9": 5.564619541168213,
    "recon_10": 7.848941394260952,
    "recon_11": 7.518678597041538,
    "recon_12": 7.452098982674735,
    "recon_13": 8.92759186880929,
    "recon_14": 9.021434783935547,
    "recon_15": 9.236885615757533,
    "recon_16": 7.73681150163923,
    "recon_17": 8.783907072884697,
    "recon_18": 8.915057591029576,
    "recon_19": 8.96494265965053,
    "recon_20": 8.818320410592216,
    "recon_21": 5.557686737605503,
    "recon_22": 5.522144045148577,
    "recon_23": 5.603521142687116,
    "recon_24": 5.5650233541216165,
    "recon_25": 5.511322021484375,
    "recon_26": 5.516864095415388,
    "recon_27": 5.589820929936001,
    "recon_28": 5.756663731166294,
    "recon_29": 5.642573424748012,
    "recon_30": 5.7021443503243585,
    "recon_31": 5.652642113821847,
    "recon_32": 5.623138972691128,
    "recon_33": 5.514097213745117,
    "recon_34": 5.576348781585693,
    "recon_35": 5.590307644435337,
    "recon_36": 5.529585429600307,
    "recon_37": 5.534323079245431,
    "recon_accum": 6.44328430720738,
    "metric_accum": 0.3338737743241446,
    "error": false
}