{
    "recon_0": 2.1409727191925048,
    "recon_1": 2.944863786697388,
    "recon_2": 2.0361328125,
    "recon_3": 3.0487698793411253,
    "recon_4": 2.4522149991989135,
    "recon_5": 3.9198155188560486,
    "recon_6": 3.4490301704406736,
    "recon_7": 3.519677872657776,
    "recon_8": 2.1357507371902464,
    "recon_9": 2.6920126819610597,
    "recon_10": 4.127092251777649,
    "recon_11": 3.736915612220764,
    "recon_12": 2.9622526288032534,
    "recon_13": 4.521286606788635,
    "recon_14": 3.4541561341285707,
    "recon_15": 2.383369753360748,
    "recon_16": 3.5208914566040037,
    "recon_17": 2.8227966833114624,
    "recon_18": 3.4856120562553405,
    "recon_19": 3.0965755367279053,
    "recon_20": 2.7594052934646607,
    "recon_21": 3.4414448046684267,
    "recon_22": 4.555048704147339,
    "recon_23": 2.268892865180969,
    "recon_24": 3.1823700356483458,
    "recon_25": 3.118293902873993,
    "recon_26": 2.7997883009910582,
    "recon_27": 3.95507000207901,
    "recon_28": 2.545562880039215,
    "recon_29": 3.0578290939331056,
    "recon_30": 4.697764158248901,
    "recon_31": 4.84260356426239,
    "recon_32": 2.1657262802124024,
    "recon_33": 3.1609455227851866,
    "recon_34": 2.513917329311371,
    "recon_35": 3.687109694480896,
    "recon_36": 2.199953405857086,
    "recon_37": 2.8500937485694884,
    "recon_38": 2.535900161266327,
    "recon_39": 2.09140976190567,
    "recon_40": 2.0823074865341185,
    "recon_41": 3.068592646121979,
    "recon_42": 3.967283596992493,
    "recon_43": 3.608500533103943,
    "recon_44": 3.2210442566871644,
    "recon_45": 6.588081793785095,
    "recon_46": 5.685261340141296,
    "recon_47": 6.96436725139618,
    "recon_48": 2.273854100704193,
    "recon_49": 2.296081748008728,
    "recon_50": 2.341995277404785,
    "recon_51": 3.124339780807495,
    "recon_52": 3.7952958750724792,
    "recon_53": 5.289349203109741,
    "recon_54": 6.5623850965499875,
    "recon_55": 9.061575050354003,
    "recon_56": 6.141612949371338,
    "recon_57": 9.66107707977295,
    "recon_accum": 3.629892899990082,
    "metric_accum": 0.3164550125598907,
    "error": false
}