{
    "recon_0": 2.6586382389068604,
    "recon_1": 2.7017921209335327,
    "recon_2": 2.7205023765563965,
    "recon_3": 2.733023166656494,
    "recon_4": 2.7459986209869385,
    "recon_5": 2.9610894918441772,
    "recon_6": 2.66763174533844,
    "recon_7": 2.709238290786743,
    "recon_8": 2.7723228931427,
    "recon_9": 2.895799398422241,
    "recon_10": 2.6759557723999023,
    "recon_11": 2.8457032442092896,
    "recon_12": 2.917615056037903,
    "recon_13": 2.869761824607849,
    "recon_14": 2.9632153511047363,
    "recon_15": 2.674181342124939,
    "recon_16": 2.66632616519928,
    "recon_17": 2.6662485599517822,
    "recon_18": 2.7893940210342407,
    "recon_19": 2.681140899658203,
    "recon_20": 2.6472091674804688,
    "recon_accum": 2.760132670402527,
    "metric_accum": 0.36895763874053955,
    "error": false
}